Used to record topological pahts(in purple).

e.g.:
10.620718   # path length
-144.753033 -43.444848 -1.160734  # waypoints contained
-144.554248 -43.902136 -0.911903
-144.249013 -44.296326 -0.658016
-143.855409 -44.600554 -0.408085
-143.399317 -44.797749 -0.242765
-142.913383 -44.918090 -0.196260
-142.422129 -45.015761 -0.206847
-141.932775 -45.118451 -0.207798
-141.443531 -45.221604 -0.207798
-140.954288 -45.324756 -0.207798
-140.465044 -45.427909 -0.207798
-139.975800 -45.531062 -0.215002
-139.487043 -45.637795 -0.204475
-138.996224 -45.739578 -0.095976
-138.499948 -45.787355 0.125172
-138.007666 -45.725411 0.385310
-137.545707 -45.538048 0.635437
-137.144466 -45.242143 0.885437
-136.828906 -44.856168 1.163230
-136.621373 -44.375478 1.367308
-136.526179 -43.914144 1.510437
EOP