Used to record edges(in green).

e.g.:
91.359655 # path length
-144.488434 48.406559 -1.588809 # waypoints contained
-144.490523 47.906564 -1.574570
-144.492410 47.406568 -1.574570
-144.494297 46.906571 -1.574570
-144.496183 46.406575 -1.574570
-144.498070 45.906579 -1.574570
-144.499956 45.406582 -1.574570
-144.501843 44.906586 -1.574570
-144.503730 44.406589 -1.574570
-144.505616 43.906593 -1.574570
-144.507503 43.406596 -1.574570
-144.509390 42.906600 -1.574570
-144.511276 42.406603 -1.574570
-144.513163 41.906607 -1.574570
EOP